






9f96ad5870c92da0466ab6ce644cdd9f17f8cb007b88104349274fe85af3270b 0 0 0 0
deacf40e52c8673192268d1cf14a1d423f61bdbc465bb474fc4675ca9dc06fe0 299 0 0 0
61215269c087bbcc888a51e6024a6a7478aa2cfb5f701bcf2e4394d6a5987180 0 0 0 0
2bb1358b8e1ebe8e860c10c91dedfccadb6306a3557fd0861b5a388948a99d24 159 128 2395 714
be451ec8b278827e1f9705c11f3f8514a2acb13127eb418821e2caa0a7996344 4 4 46 4
e3b7c7f11e3c55be74ddb18072fb3bec171881c9f55d0f90054f41b004880360 3 3 5 2
f8c5bb073d0d4ac63f3dfda662d534527db4f506e34a8be8ed3d377e5a6b30fa 180971 1 37 0
c5b28f2c084ccc34a6acdc1fc395296f6c96c43ba225ddc595ffcd45198423d4 0 0 0 0
762b3c9e76b31a3759d98ce5ad5e188d46e32ce18c6eab1fba30f802bc486d60 43 43 178 90
ead259ad8e1c379ca67b860a54c0f66fb554859c3c5d9af92aaea35b9b35ab1d 35 35 123 36
08b57be2f7f49b5064858d8932fee04db58f41476f5f341259cd800136dbf009 6 6 379 3
d63fa76f3e685ac306e429bf78bd66de0ec69bb35f9d383121e8645809b98958 70 1 0 2
1161a970112a77a79c7709691840c6c37b2d2a67bc40a087ebbc325adb716053 0 0 0 0
2f72ac4e7568b44066339231343feca506b339c476f9907302f099a40463303e 178 5 21 32
43353542223f0d57e99be0e2f96fe9aeea6b01eb548fe910e1c44eaae3d0f0ca 3 3 12 2
2ddf77eb4e98070d4cdc3e041770d230c6470bb96c087bdcdec7572641936dcb 6 6 229 3
89fec84e8fa23ec28145a5637184262e0d798c85734e896fe5bb316a4af4d182 34 19 1622 11
6b0b1d432af2b62afff99d1ed7b17b370ca5a53277fd815759329cc37771fc47 1936 0 0 0
adb68ea0d865f2a8df32e00fdbe4e027ccad65e2da5571d2ff85742dee1af764 159 2 5 6
132fd4b94309112f6a163d5a686e0b4b8adc87686eb27b8d321ad6d2c0b6206a 563 476 3961 3115
f0d41f0078300607a928391742df11355d50c3aede98ef0edd49dc6f532a7b39 19 19 14694 28117
b48580bce265d83224872267c8cfdf95d9f22363ec732bc4fc559a68348e3543 128 0 0 0
d1c3bc7775246e4efc6fefb51100c51e6e76a16f599d011957169ec5a2647d8d 1 1 55648 0
2d1c2c808f0489e43c8faf99f9878e82029905f9eb9ce1858447702a81617bc0 29 17 13 9
c9981a52485b2c6fd270ce91c28f693862b6758e3b9a0a0a923a65ea93845bbc 30 0 0 0
1f431b44421d1a4bd9f019cebb48bf7c44588aed8e291e9bc9a56ed3b21b44d5 1447 3 43 32
4331a9354b9255286aa4f1c281cefd3eeb77e70bc416120725dd0ea1765dbd23 51 6 146 74
1152b87808adc5364e142ab39c2b3bf3cee9fe8afec4abf20f27c6d3157fa188 376 0 0 0
38532e52a67930e8851b5ecc340415d7c1a72b8d2dfddcddf5138d02c8b6e7dc 8 8 887 122
57eac184d874faf5a9ed6c91b113e819e7f35cef54a715d5dade8fe86e1e49a4 56 0 0 0
5ac2ab4da3bd7be43966b6c3f4d79fc62c50276edce335ff9adb5b1999d70ee0 65 65 45589 26828
13e1fdac52de06dcd7af3392d2d089531e07f5ece3c5074ee006b76fac8834bb 10 10 75 5
2a4e1accc4d13f1bfd4662a2897c08441d31df16a160e0ee066f3a5e9730b3d8 147 3 16 15
60363ce0024b85068ca4ee2fad79c31697d992780101d18659bb8cbd98160ea3 2 2 4891 0
22cb16ead121881ff74093e433f80319f87a794fc3d01207ca76a97b342047ed 55 1 2 2
89bcb9bc01af6f0ccf2a8fc0e4bea3853fd358e01891502df73c3e993e82a839 6 6 211 27
367c0f1cd818f60fed4c40e1a40d7c2ba1bf2f48ebeda4db96d2ab140f81e535 423 5 355 41
50ffd7fb7c033808d38d5bcfaf6241f7b5c349f6e70fd54f842c5562b0d4ca40 1416 0 0 0
076b87d7678d131a6a4299ef1d7a3c95de35701880144665b8eb3e4a812d8df1 0 0 0 0
b2278b3a3ffdd8042858f1bc97b9aacd2aeee0fa84d2f35dee9a8fac05b0855d 1356 0 0 0
951bb4ee83ba84ace59d80c3195feb4a070acf9aebb9058c73c5b2b6bce71a45 124 0 0 0
e14ca51c02d6d634247f75bf03174ccaa6438fd1007b4e09b93603446e7d4c33 4 4 710 6
4f520a9ebfdd1d9a436343808de5825ad687eb798d30c9df7333a35b0e045231 143 2 166 237
b87981d833f540eb6885464cb5160334ab67e0a3ff8fcb51abbc5549e0e054e5 972 1 1 0
b3c94ec361ab6956e2036b00d06d0bbe21c48baac1fb540b54385b7a19036ae1 3 3 35 4
2d82d16cbbc792cc68e91a7e5d24ca142b21b0305d238298971ab899cfeebaf8 466 0 0 0
61ca2bc5e646e440a8dc6b08d7b6868dd36fbdc6f1209eb3b6a8bfcae02244e5 8 8 69 9
e700f551041025c6b54e7563f5e2db500c61dabd5fd0e522cf8c5815f485c438 155 4 41 6
44e4a06fbc886294b80abb5b754e4fb1d3985645dd2de3e02dbbab0b9182a6de 124 0 0 0
37210aaecdfb5710a15ea0cb9429758898fdf8a5cbc9f0ef22be70118773b1bb 4185 0 0 0
cf93feeaeb67db80b2feeaae9e1073f42e3341c53537c47f746961cbcf2e25eb 9 9 206 21
843269cffacb45fb103e4ab24c368369561dc45699efa2cb1e5bd29cc51b1ebd 367 2 81 6
ca49714bfc12c0e335861b4438368960ce6b9af466d52b9e4aa60e921c883cfb 101 0 0 0
211481277e9b67a15aa307ad0cd828b380311e79d026ca74678dfcc44f1358cf 16866 2 554 131
b56d2d3c59404537e1fed2a425c5021f34251a4572ee1393b59712511ee422c2 70 0 0 0
f2b1017a6eb7f18e598338eae99322d8a2c8620c04812af303f4d319f0e74108 53 5 239 111
b5ccdc723a6d63d621ea7e533ab7cb8ad05a60d0d119cd52f9d63da15c3121e8 15 15 462 328
a46787399d99b1a89d88b205f1b0917e02ac286d77ff76572e16059b85acfaba 65 4 31 83
d9c298b7147a5ed6348f518723a2442da207430eb09646486e6f361f808d93c8 174 0 0 0
7884fd26f626430877b42e6330cb23fbcd90ed400b43e04269ba4c811d925b46 3 3 91 2
9c8b42da08acecd14857c9cad876d888bd5c0288a5a1686eb55da1204c1ba53c 286 0 0 0
acc033fa7a37e906568552036fef3f330ac4d8694832a86ac2394592bcbe5ed1 41 2 9 188
d74e6f47556d2d5caf1366e3aacfcc4e521337df789d6b764907a698f907874e 6195 0 0 0
777f18d63abbab307ae922c83ae6f0714bec98654582fbb370bdc81aa2d7a10b 996 0 0 0
99dd8c09f222fd6708308ecfcf8caa5c8404133c5f4b3b50fa6deac9e0a46210 467 1 35 0
ccb506c05a5453ca86c9a005f6dc8594334ab5153d3889be4fb20988bec45c14 1206 0 0 0
0a21aa9fa054c0a32ac7052fe1150b12dda4c3d8f9af184df526faf838df0f62 3 3 850 0
c4d77a952babc9fc776c6b5bd7736ad327fccda3ec3d5378863ea554bbbc653a 10 10 544 88
ab60ea74b4d97d40a387b2bec7cc4a046ed91e26359c0273e2bbd05a3f36d0e0 937 11 24603 320
27905bd98121ed0f8f894453bc85d7f3f2b40162e5ec335a9b166009a9b29f50 6 6 1532 4
4dbe6d7bf28fb2d5c054c1de8877e6dc3d85fc776b425bfa8e437e58730c5035 718 1 182 0
fd645f53943e4e1c06fc67cd4bdf0f5393b72d122c0e01fafea1cc717ac97b04 0 0 0 0
72bcb6db5af4a2e6c29af3e8e7ceaf2b15de7cef9aab3f4126df3db5025fa40e 3 3 167 1
107f7ab3611d7e43ad0aa076aa68439838fa70761d9652c44b7d83ac8951c8ce 5 5 730 4
22de631ba8378e71e12bca2afec574154aa01504cf5bb02b742350aa8fe1f1fd 4 4 875 3
33eacad01fb96d86c8d9dc69c3940ef7ec65b91e41fc52e676d01f6c7f8acc46 23 23 878 10
400b3c247504bb09c224da4f4e3c7018e496b872193c23e265d2750dea302bc1 197 1 1 1
b4373dde8489788b36fdfbe188126fb3bb2c96797838cfb91035e02e57fe585c 289 0 0 0
6335cbd29feba4b3c0897052498a9bb82c5250452e05e33d95d237aca7ab096e 476 1 1 1
8729c929d6ea89259cdfcecea3b89e7520c346798036a0495660cccd4426f9c1 9 9 174 45
2c62b95cff9c336a1a3dc4bf66659af3f09471698f6ddf278bc13a6d4bd68ad2 12 12 881 5
ba2ae73f10cf78c7e75132f928ac00f91209e98105c8339707ba127b3deb030d 22 22 2104 590
117c6b5c09fb4ed81ad04368f7d8aea8824c27d30ea20d0821c88266d85d02ec 5 5 936 41
f336704ac3febff96d17b9d956fee5a9f11467bad0b10dc95f917678afcf0eb8 428 0 0 0
28ca4fede67020925344b22f7cac6964fba6030c4142575c933d4ad8dca16263 8 8 1438 4
271132dee8fc9f33d903f9bd3e71881350629365aa48a3795325588232ad06f8 41 0 0 0
611090dc479fb384b95156cdc537d2cd2d34ab95b8b3f705277a8382d385b81d 81 7 70 17
a47667fc1d40dd461a90fda3cc2cd8d5b815bf53bb205177f50cb0a5e16adedd 7 7 1173 5
1a1131dbe81077bb16a1a4efb725b9f311b8d0fd959675fb2c4d6d797c38c127 5 5 1057 3
c22fe985f616d64d7b437f7a6affc065e5ab77ff0efef5b00507474d5d0964ec 115 4 192 29
4eb25e38a10b0bb2b8ed58031768b2a9b18d34fad0f01c4ffb2f6f3b5cdcd4b0 467 22 436946 35424
803c78e2dc33714416931d677fb46a86e2f26d666556322609b0330bec68d537 43 41 1477 597
666006b2241cd981537a2d8b5d28c6c0ee453c58c2a518ae239b1b37f60bbb66 6 6 1103 6
1426630b3cb56ea6f62b88145929d9c7779e3b9e96feda20837669b030c9d05f 6 6 1534 1
b7ffba1c7f6df60f316b1415b850004a223e2d48be3597105a02d7a8ee88e642 80 3 40 14
42e129bfe33842d07494141a8982caa9e9181cd5a661631aedaec40bf2f9e1a7 0 0 0 0
bf7bf6949886667ecf6955d4a5fed482f6ec6bb177fdd59e4f53a05f5fc212a8 447 3 72 3
651533f92be7df818d63ef27fe29d3b82149dceaae01b16b10ab7766942ef912 5 5 1364 11
d7632c35f47c15ec63e7fe03bdbbcdbdc4a47e8a87602253de9698ba752e9827 4 4 1372 37
a69effbc861febf1719008053586b6e5b5e88b5f12433e9b215b86eb71ca08eb 703 5 17 21
96788f3d6ab527873bff71bc21627c783c9917fa3b0d2e4b7029996a137a4595 8 7 185 159
dd2cda70d5605e4be2f8ffcb920914857f3f2a0e1817ab8614ead4c7b39622c6 19 4 192 4
e96b0cb1af9f29d4e11ec118cf8958858db7398d875d2be5129ba0561258f431 97 4 8737 3559
65d451c31796d5663e3a8f8175eda896c33b0a5738a21c60a55bcde1323b9396 43 43 3086 1555
62150886029d2910bf42972a76644586db3f3fc86613e6b3a0a761f73b8b508a 361 3 593 286
1b2e1884f3c28115cfb7235dc85a2455bbdbb5b191fca535d6aa4dbaa4596c4d 6 6 851 319
23e6249ca3478ab8ff9338c3d68ee297b380990f03380d9dd5e779dc34fd1a40 0 0 0 0
d233d3f11c8ad67a2a132e8d4cc1b032d8c71b2c9723f7c8b67f98f71c80a9c5 32 32 7528 3903
00b257e44199b8dbdd49c170ad5bae9eddce40114a13f0929a8104702375ba86 129 1 16 8
902c99a176c726c39f19a2ba80a15a75c8ee3328a0d01fde1d132cfa0eeac8a8 80 1 2 1
d2b2b6c4cb87539045bad086d2548b7c80770e08d9ead3c0e6a086e3cb36b038 1809 1 35 0
34048f076e192422eefb419ca63172bb0562b6c2ee4bde12bc7d3f35effda9ef 5 5 918 13
8148a3fc2c987dfd5ebba18e6598e968740a4e45a08fc7b72d3679e44420613c 4861 1 15 12
a33d1399309ff7d6f592137befbf66b7434af0a5b186f20557c76dca72ca0eb7 9 9 1093 22
f93fca6dc28e68bd5eb699e057332fe737b505282c5a033ed249268a2ab34f07 31 3 98 5
58073723fb162cf8ad0fa5f088848220f843b9e0ca13d837c70924d252f624f8 2 2 713 0
68b45ad59079e8d3647b8617b5fdc027641cd8c96e7b43f365dd4ff0b4ff3040 3 3 832 2
09aeb00b8bc39482fcf5f7b0154cd08e9bdb392af58922c3a0e14efed90291d4 3 3 1408 0
